      p      n    q≡N    p≡N  max_r     NC    NSS      j0_SS   j1728_SS          q             Computed              Tr(T_q)        eis   cusp_est                          Error
---------------------------------------------------------------------------------------------------------------------------------------------------------------------------------
 10000019      1      1      1      0 2338238    0.0          1          1   10000019         -83735279010                    0 83735279010          6       2^2 * 3 * 13 * 536764609
 10000079      1      5      5      0 2725594    0.0          1          1   10000079          58763279178                    0 -58763279178          3    -1 * 3 * 31 * 181 * 3490957
 10000103      1      1      1      0 2373502    0.0          1          1   10000103         -49464233502                    0 49464233502          6   2^3 * 3^3 * 29 * 557 * 14177
 10000121      1      5      5      0 2728528    0.0          1          0   10000121          97271019834                    0 -97271019834          3         -1 * 3^2 * 10807891093
 10000139      1      2      2      0 2730234    0.0          1          1   10000139         -39317702718                    0 39317702718          3        3^2 * 5 * 14923 * 58549
 10000141      1      4      4      0 2502857    0.0          0          0   10000141         -41987229438                    0 41987229438          3        3^2 * 5 * 1009 * 924727
 10000169      1      4      4      0 2723688    0.0          1          0   10000169         -42355243854                    0 42355243854          3             3 * 59 * 239295163
 10000189      1      3      3      0 2497906    0.0          0          0   10000189         -20694323784                    0 20694323784          3               3^2 * 2299369309
 10000223      1      2      2      0 2774161    0.0          1          1   10000223          15770799282                    0 -15770799282          3 -1 * 3 * 5 * 29 * 1087 * 33353
 10000229      1      1      1      0 2339248    0.0          1          0   10000229          -9499542120                    0 9499542120          6             2 * 3 * 1583257019
 10000247      1      5      5      0 2769699    0.0          1          1   10000247         -52303649550                    0 52303649550          3         3 * 443 * 1091 * 36073
 10000253      1      4      4      0 2774874    0.0          1          0   10000253           1728053166                    0 -1728053166          3         -1 * 3 * 43 * 13395761
 10000261      1      5      5      0 2504285    0.0          0          0   10000261          34937714520                    0 -34937714520          3        -1 * 3 * 263 * 44281007
 10000271      1      1      1      0 2338638    0.0          1          1   10000271         -95972477382                    0 95972477382          6            2^6 * 3 * 499856653
 10000303      1      5      5      0 2538843    0.0          0          1   10000303          -3221237934                    0 3221237934          3           3 * 31 * 73 * 474479
 10000339      1     -1     -1      0 2501065 2812.0          0          1   10000339          97289455992                    0 -97289455992          6   -1 * 2 * 3 * 7^2 * 330916517
 10000349      1      2      2      0 2730147    0.0          1          0   10000349          68353348854                    0 -68353348854          3           -1 * 3 * 22784449619
 10000357      1      3      3      0 2538382    0.0          0          0   10000357          50454481944                    0 -50454481944          3        -1 * 3 * 77201 * 217849
 10000363      1      2      2      0 2542132    0.0          0          1   10000363         -15231597150                    0 15231597150          3           3^2 * 13 * 130184591
 10000379      1      4      4      0 2724804    0.0          1          1   10000379          61637088408                    0 -61637088408          3 -1 * 3^2 * 17 * 47 * 79 * 108499
 10000439      1      1      1      0 2335358    0.0          1          1   10000439           2622112530                    0 -2622112530          6 -1 * 2^3 * 3 * 67 * 97 * 16811
 10000451      1     -1     -1      0 2731175 7596.0          1          1   10000451         -80791302024                    0 80791302024          6 2 * 3 * 7^2 * 59 * 1069 * 4357
 10000453      1      1      1      0 2177748    0.0          0          0   10000453         109065674076                    0 -109065674076          6    -1 * 2 * 3 * 81619 * 222713
 10000457      1      5      5      0 2769970    0.0          1          0   10000457         -64190107602                    0 64190107602          3         3 * 1439 * 2213 * 6719
 10000481      1      1      1      0 2338860    0.0          1          0   10000481        -106107838548                    0 106107838548          6    2 * 3^3 * 41 * 47 * 1019699
 10000511      1      3      3      0 2723805    0.0          1          1   10000511           2234867172                    0 -2234867172          3   -1 * 3^2 * 5^2 * 17 * 584279
 10000537      1      1      1      0 2179108    0.0          0          0   10000537          10616774772                    0 -10616774772          6 -1 * 2 * 3^2 * 29 * 149 * 136501
 10000583      1      5      5      0 2777183    0.0          1          1   10000583        -104028457314                    0 104028457314          3          3^2 * 107 * 108025397
 10000591      1     -1     -1      0 2499785 5798.0          0          1   10000591          -7569523338                    0 7569523338          6   2^2 * 3^3 * 7^2 * 31 * 46141
 10000609      1      3      3      0 2497339    0.0          0          0   10000609          87314142138                    0 -87314142138          3      -1 * 3^2 * 269 * 36065321
 10000643      1      2      2      0 2769160    0.0          1          1   10000643         -16261400022                    0 16261400022          3                 3 * 5420466673
 10000651      1      3      3      0 2498923    0.0          0          1   10000651         -54646434690                    0 54646434690          3            3 * 13 * 1401190633
 10000657      1      2      2      0 2541923    0.0          0          0   10000657          -4399950366                    0 4399950366          3                 3 * 1466650121
 10000667      1      5      5      0 2773887    0.0          1          1   10000667          28722519996                    0 -28722519996          3          -1 * 3^3 * 1063797037
 10000687      1      4      4      0 2542180    0.0          0          1   10000687          15441327804                    0 -15441327804          3         -1 * 3 * 62639 * 82171
 10000691      1      1      1      0 2338344    0.0          1          1   10000691         102074049702                    0 -102074049702          6  -1 * 2^2 * 3 * 23131 * 367739
 10000721      1      3      3      0 2724850    0.0          1          0   10000721          40453003422                    0 -40453003422          3 -1 * 3 * 5^2 * 283 * 617 * 3089
 10000723      1      5      5      0 2544876    0.0          0          1   10000723          70214381400                    0 -70214381400          3        -1 * 3 * 571 * 40989131
 10000733      1      1      1      0 2380486    0.0          1          0   10000733         -68535623616                    0 68535623616          6         2 * 3^4 * 5 * 84611881
 10000741      1      2      2      0 2496654    0.0          0          0   10000741         -68020519014                    0 68020519014          3         3 * 751 * 1459 * 20693
 10000747      1      1      1      0 2176090    0.0          0          1   10000747          74278104126                    0 -74278104126          6      -1 * 2^2 * 3 * 6189842011
 10000759      1     -1     -1      0 2502757 5230.0          0          1   10000759          38277117138                    0 -38277117138          6 -1 * 2^3 * 3^2 * 7^2 * 937 * 11579
 10000763      1      3      3      0 2773132    0.0          1          1   10000763         -16497957918                    0 16497957918          3            3^2 * 5 * 366621287
 10000769      1      2      2      0 2722166    0.0          1          0   10000769          63507068478                    0 -63507068478          3        -1 * 3 * 47 * 450404741
 10000789      1      1      1      0 2145074    0.0          0          0   10000789          40122339168                    0 -40122339168          6       -1 * 2 * 3^3 * 743006281
 10000799      1      4      4      0 2727356    0.0          1          1   10000799         -16834706280                    0 16834706280          3             3 * 29 * 193502371
 10000813      1      4      4      0 2538681    0.0          0          0   10000813         -75739384182                    0 75739384182          3            3^3 * 3319 * 845183
 10000819      1      3      3      0 2495422    0.0          0          1   10000819          78119686014                    0 -78119686014          3  -1 * 3^2 * 167 * 3739 * 13901
 10000831      1      1      1      0 2140996    0.0          0          1   10000831        -103767244446                    0 103767244446          6    2^3 * 3 * 5 * 37 * 23371001
 10000849      1      5      5      0 2494537    0.0          0          0   10000849         -91185450438                    0 91185450438          3            3^3 * 5 * 675447781
 10000867      1      2      2      0 2546143    0.0          0          1   10000867          21094058874                    0 -21094058874          3     -1 * 3 * 197 * 521 * 68507
 10000871      1     -1     -1      0 2722933 9758.0          1          1   10000871          32674679010                    0 -32674679010          6  -1 * 2^3 * 3 * 7^2 * 27784591
 10000873      1      1      1      0 2176424    0.0          0          0   10000873         -29699349720                    0 29699349720          6       2 * 3^2 * 11239 * 146807
 10000877      1      5      5      0 2773399    0.0          1          0   10000877         -34803264060                    0 34803264060          3             3 * 1747 * 6640577
 10000891      1      5      5      0 2501384    0.0          0          1   10000891         -76262666436                    0 76262666436          3                3 * 25420888811
 10000931      1      3      3      0 2729611    0.0          1          1   10000931         -67002745986                    0 67002745986          3            3 * 17 * 1313779333
 10000943      1      1      1      0 2377068    0.0          1          1   10000943          17180038290                    0 -17180038290          6 -1 * 2^3 * 3^2 * 17 * 14035979
 10000961      1      5      5      0 2722808    0.0          1          0   10000961          39848666874                    0 -39848666874          3 -1 * 3^3 * 31 * 73 * 761 * 857
 10000967      1      4      4      0 2773685    0.0          1          1   10000967          33274447920                    0 -33274447920          3        -1 * 3 * 331 * 33509011
 10000987      1      3      3      0 2543557    0.0          0          1   10000987         -21186750054                    0 21186750054          3           3^2 * 193 * 12197323
 10000993      1      2      2      0 2545399    0.0          0          0   10000993          -8305635198                    0 8305635198          3 3^2 * 5 * 11 * 13 * 157 * 8221


       p      n    q≡N    p≡N  max_r     NC    NSS      j0_SS   j1728_SS          q             Computed              Tr(T_q)        eis   cusp_est                          Error
---------------------------------------------------------------------------------------------------------------------------------------------------------------------------------
 10000019      1      1      1      0 2338238    0.0          1          1   10000019         -83735279010                    0 83735279010          6       2^2 * 3 * 13 * 536764609
 10000079      1      5      5      0 2725594    0.0          1          1   10000079          58763279178                    0 -58763279178          3        -3 * 31 * 181 * 3490957
 10000103      1      1      1      0 2373502    0.0          1          1   10000103         -49464233502                    0 49464233502          6   2^3 * 3^3 * 29 * 557 * 14177
 10000121      1      5      5      0 2728528    0.0          1          0   10000121          97271019834                    0 -97271019834          3             -3^2 * 10807891093
 10000139      1      2      2      0 2730234    0.0          1          1   10000139         -39317702718                    0 39317702718          3        3^2 * 5 * 14923 * 58549
 10000141      1      4      4      0 2502857    0.0          0          0   10000141         -41987229438                    0 41987229438          3        3^2 * 5 * 1009 * 924727
 10000169      1      4      4      0 2723688    0.0          1          0   10000169         -42355243854                    0 42355243854          3             3 * 59 * 239295163
 10000189      1      3      3      0 2497906    0.0          0          0   10000189         -20694323784                    0 20694323784          3               3^2 * 2299369309
 10000223      1      2      2      0 2774161    0.0          1          1   10000223          15770799282                    0 -15770799282          3     -3 * 5 * 29 * 1087 * 33353
 10000229      1      1      1      0 2339248    0.0          1          0   10000229          -9499542120                    0 9499542120          6             2 * 3 * 1583257019
 10000247      1      5      5      0 2769699    0.0          1          1   10000247         -52303649550                    0 52303649550          3         3 * 443 * 1091 * 36073
 10000253      1      4      4      0 2774874    0.0          1          0   10000253           1728053166                    0 -1728053166          3             -3 * 43 * 13395761
 10000261      1      5      5      0 2504285    0.0          0          0   10000261          34937714520                    0 -34937714520          3            -3 * 263 * 44281007
 10000271      1      1      1      0 2338638    0.0          1          1   10000271         -95972477382                    0 95972477382          6            2^6 * 3 * 499856653
 10000303      1      5      5      0 2538843    0.0          0          1   10000303          -3221237934                    0 3221237934          3           3 * 31 * 73 * 474479
 10000339      1     -1     -1      0 2501065 2812.0          0          1   10000339          97289455992                    0 -97289455992          6       -2 * 3 * 7^2 * 330916517
 10000349      1      2      2      0 2730147    0.0          1          0   10000349          68353348854                    0 -68353348854          3               -3 * 22784449619
 10000357      1      3      3      0 2538382    0.0          0          0   10000357          50454481944                    0 -50454481944          3            -3 * 77201 * 217849
 10000363      1      2      2      0 2542132    0.0          0          1   10000363         -15231597150                    0 15231597150          3           3^2 * 13 * 130184591
 10000379      1      4      4      0 2724804    0.0          1          1   10000379          61637088408                    0 -61637088408          3   -3^2 * 17 * 47 * 79 * 108499
 10000439      1      1      1      0 2335358    0.0          1          1   10000439           2622112530                    0 -2622112530          6     -2^3 * 3 * 67 * 97 * 16811
 10000451      1     -1     -1      0 2731175 7596.0          1          1   10000451         -80791302024                    0 80791302024          6 2 * 3 * 7^2 * 59 * 1069 * 4357
 10000453      1      1      1      0 2177748    0.0          0          0   10000453         109065674076                    0 -109065674076          6        -2 * 3 * 81619 * 222713
 10000457      1      5      5      0 2769970    0.0          1          0   10000457         -64190107602                    0 64190107602          3         3 * 1439 * 2213 * 6719
 10000481      1      1      1      0 2338860    0.0          1          0   10000481        -106107838548                    0 106107838548          6    2 * 3^3 * 41 * 47 * 1019699
 10000511      1      3      3      0 2723805    0.0          1          1   10000511           2234867172                    0 -2234867172          3       -3^2 * 5^2 * 17 * 584279
 10000537      1      1      1      0 2179108    0.0          0          0   10000537          10616774772                    0 -10616774772          6   -2 * 3^2 * 29 * 149 * 136501
 10000583      1      5      5      0 2777183    0.0          1          1   10000583        -104028457314                    0 104028457314          3          3^2 * 107 * 108025397
 10000591      1     -1     -1      0 2499785 5798.0          0          1   10000591          -7569523338                    0 7569523338          6   2^2 * 3^3 * 7^2 * 31 * 46141
 10000609      1      3      3      0 2497339    0.0          0          0   10000609          87314142138                    0 -87314142138          3          -3^2 * 269 * 36065321
 10000643      1      2      2      0 2769160    0.0          1          1   10000643         -16261400022                    0 16261400022          3                 3 * 5420466673
 10000651      1      3      3      0 2498923    0.0          0          1   10000651         -54646434690                    0 54646434690          3            3 * 13 * 1401190633
 10000657      1      2      2      0 2541923    0.0          0          0   10000657          -4399950366                    0 4399950366          3                 3 * 1466650121
 10000667      1      5      5      0 2773887    0.0          1          1   10000667          28722519996                    0 -28722519996          3              -3^3 * 1063797037
 10000687      1      4      4      0 2542180    0.0          0          1   10000687          15441327804                    0 -15441327804          3             -3 * 62639 * 82171
 10000691      1      1      1      0 2338344    0.0          1          1   10000691         102074049702                    0 -102074049702          6      -2^2 * 3 * 23131 * 367739
 10000721      1      3      3      0 2724850    0.0          1          0   10000721          40453003422                    0 -40453003422          3    -3 * 5^2 * 283 * 617 * 3089
 10000723      1      5      5      0 2544876    0.0          0          1   10000723          70214381400                    0 -70214381400          3            -3 * 571 * 40989131
 10000733      1      1      1      0 2380486    0.0          1          0   10000733         -68535623616                    0 68535623616          6         2 * 3^4 * 5 * 84611881
 10000741      1      2      2      0 2496654    0.0          0          0   10000741         -68020519014                    0 68020519014          3         3 * 751 * 1459 * 20693
 10000747      1      1      1      0 2176090    0.0          0          1   10000747          74278104126                    0 -74278104126          6          -2^2 * 3 * 6189842011
 10000759      1     -1     -1      0 2502757 5230.0          0          1   10000759          38277117138                    0 -38277117138          6 -2^3 * 3^2 * 7^2 * 937 * 11579
 10000763      1      3      3      0 2773132    0.0          1          1   10000763         -16497957918                    0 16497957918          3            3^2 * 5 * 366621287
 10000769      1      2      2      0 2722166    0.0          1          0   10000769          63507068478                    0 -63507068478          3            -3 * 47 * 450404741
 10000789      1      1      1      0 2145074    0.0          0          0   10000789          40122339168                    0 -40122339168          6           -2 * 3^3 * 743006281
 10000799      1      4      4      0 2727356    0.0          1          1   10000799         -16834706280                    0 16834706280          3             3 * 29 * 193502371
 10000813      1      4      4      0 2538681    0.0          0          0   10000813         -75739384182                    0 75739384182          3            3^3 * 3319 * 845183
 10000819      1      3      3      0 2495422    0.0          0          1   10000819          78119686014                    0 -78119686014          3      -3^2 * 167 * 3739 * 13901
 10000831      1      1      1      0 2140996    0.0          0          1   10000831        -103767244446                    0 103767244446          6    2^3 * 3 * 5 * 37 * 23371001
 10000849      1      5      5      0 2494537    0.0          0          0   10000849         -91185450438                    0 91185450438          3            3^3 * 5 * 675447781
 10000867      1      2      2      0 2546143    0.0          0          1   10000867          21094058874                    0 -21094058874          3         -3 * 197 * 521 * 68507
 10000871      1     -1     -1      0 2722933 9758.0          1          1   10000871          32674679010                    0 -32674679010          6      -2^3 * 3 * 7^2 * 27784591
 10000873      1      1      1      0 2176424    0.0          0          0   10000873         -29699349720                    0 29699349720          6       2 * 3^2 * 11239 * 146807
 10000877      1      5      5      0 2773399    0.0          1          0   10000877         -34803264060                    0 34803264060          3             3 * 1747 * 6640577
 10000891      1      5      5      0 2501384    0.0          0          1   10000891         -76262666436                    0 76262666436          3                3 * 25420888811
 10000931      1      3      3      0 2729611    0.0          1          1   10000931         -67002745986                    0 67002745986          3            3 * 17 * 1313779333
 10000943      1      1      1      0 2377068    0.0          1          1   10000943          17180038290                    0 -17180038290          6     -2^3 * 3^2 * 17 * 14035979
 10000961      1      5      5      0 2722808    0.0          1          0   10000961          39848666874                    0 -39848666874          3     -3^3 * 31 * 73 * 761 * 857
 10000967      1      4      4      0 2773685    0.0          1          1   10000967          33274447920                    0 -33274447920          3            -3 * 331 * 33509011
 10000987      1      3      3      0 2543557    0.0          0          1   10000987         -21186750054                    0 21186750054          3           3^2 * 193 * 12197323
 10000993      1      2      2      0 2545399    0.0          0          0   10000993          -8305635198                    0 8305635198          3 3^2 * 5 * 11 * 13 * 157 * 8221





       p      n    q≡N    p≡N  max_r     NC    NSS      j0_SS   j1728_SS          q             Computed              Tr(T_q)        eis   cusp_est                          Error
---------------------------------------------------------------------------------------------------------------------------------------------------------------------------------
 10000019      1     19     19      0 128002    0.0          1          1   10000019        -523735476800                    0 523735476800        150       2 * 5^2 * 3259 * 3214087
 10000079      1     79     79      0 126187    0.0          1          1   10000079       12390292836800                    0 -12390292836800        150 -2 * 5^2 * 7 * 47 * 151 * 4988141
 10000103      1    103    103      0 126178    0.0          1          1   10000103        5269597104200                    0 -5269597104200        150  -2 * 5^2 * 67 * 5393 * 291677
 10000121      1    121    121      0  72480    0.0          1          0   10000121      -35647438570400                    0 35647438570400        450     2 * 5^2 * 174901 * 4076299
 10000139      1    139    139      0 129136    0.0          1          1   10000139        2526408581100                    0 -2526408581100        150    -2 * 3 * 5^5 * 7577 * 17783
 10000141      1    141    141      0  83164    0.0          0          0   10000141      -14650713629200                    0 14650713629200        450 2 * 5^4 * 41 * 47 * 79 * 76991
 10000169      1    169    169      0  80436    0.0          1          0   10000169      -19569185310800                    0 19569185310800        250      2 * 5^2 * 433 * 903888467
 10000189      1    189    189      0  94896    0.0          0          0   10000189         951858805600                    0 -951858805600        250      -2 * 5^2 * 5171 * 3681527
 10000223      1    223    223      0 127735    0.0          1          1   10000223        8969992885800                    0 -8969992885800        150 -2 * 3 * 5^2 * 17 * 251 * 14014519
 10000229      1    229    229      0 103016    0.0          1          0   10000229        6863026496600                    0 -6863026496600        250 -2 * 3^3 * 5^2 * 107 * 179 * 265427
 10000247      1    247    247      0 131940    0.0          1          1   10000247        2892255716800                    0 -2892255716800        150         -2 * 5^2 * 57845114339
 10000253      1    253    253      0  95878    0.0          1          0   10000253        5789507813600                    0 -5789507813600        250 -2 * 3 * 5^2 * 151 * 255607409
 10000261      1    261    261      0  82474    0.0          0          0   10000261      -10194640479200                    0 10194640479200        450 2 * 5^4 * 7 * 13 * 37 * 61 * 39709
 10000271      1    271    271      0 105078    0.0          1          1   10000271       13219515913100                    0 -13219515913100        270 -2 * 5 * 13 * 97 * 113 * 9277309
 10000303      1    303    303      0 125532    0.0          0          1   10000303       11739810770000                    0 -11739810770000        150     -2 * 5^2 * 293 * 801352271
 10000339      1    339    339      0 123948    0.0          0          1   10000339        -858301235000                    0 858301235000        150          2 * 5^2 * 17166024697
 10000349      1    349    349      0  96920    0.0          1          0   10000349       11969865167200                    0 -11969865167200        250 -2 * 5^2 * 19 * 89 * 141571439
 10000357      1    357    357      0  99794    0.0          0          0   10000357        6741730239400                    0 -6741730239400        250 -2 * 5^2 * 7 * 19 * 211 * 4804711
 10000363      1    363    363      0 125474    0.0          0          1   10000363      -14764406643600                    0 14764406643600        150 2 * 3^2 * 5^2 * 269 * 2969 * 41081
 10000379      1    379    379      0 125036    0.0          1          1   10000379      -10159984916000                    0 10159984916000        150  2 * 5^2 * 7 * 11 * 2638957121
 10000439      1    439    439      0 128603    0.0          1          1   10000439      -10206878013600                    0 10206878013600        150 2 * 3^2 * 5^2 * 337 * 67305493
 10000451      1    451    451      0 102628    0.0          1          1   10000451       14659285367500                    0 -14659285367500        390         -2 * 5 * 1465928536789
 10000453      1    453    453      0 108408    0.0          0          0   10000453       -6040389726000                    0 6040389726000        250      2 * 5^3 * 23 * 1050502561
 10000457      1    457    457      0  77744    0.0          1          0   10000457      -15058779876400                    0 15058779876400        250 2 * 3 * 5^2 * 17 * 233 * 25345081
 10000481      1    481    481      0  62966    0.0          1          0   10000481       -7740218735200                    0 7740218735200        450          2 * 5^3 * 30960874939
 10000511      1     11     11      0 105502    0.0          1          1   10000511       11668779621000                    0 -11668779621000        270     -2 * 3^4 * 5 * 14405900767
 10000537      1     37     37      0  76836    0.0          0          0   10000537      -14116590477600                    0 14116590477600        250      2 * 5^2 * 89 * 3172267523
 10000583      1     83     83      0 121339    0.0          1          1   10000583        3345904838900                    0 -3345904838900        150     -2 * 5^2 * 3919 * 17075299
 10000591      1     91     91      0 105311    0.0          0          1   10000591       14035839905700                    0 -14035839905700        270    -2 * 3^2 * 5 * 155953776733
 10000609      1    109    109      0  74764    0.0          0          0   10000609        3729897904800                    0 -3729897904800        250     -2 * 5^2 * 73 * 1021889837
 10000643      1    143    143      0 121979    0.0          1          1   10000643       -2518143424600                    0 2518143424600        150          2 * 5^2 * 50362868489
 10000651      1    151    151      0 105076    0.0          0          1   10000651      -17144302564500                    0 17144302564500        390 2 * 3 * 5 * 53 * 22291 * 483719
 10000657      1    157    157      0  68380    0.0          0          0   10000657        9829329228800                    0 -9829329228800        250 -2 * 3 * 5^2 * 89 * 131 * 5620453
 10000667      1    167    167      0 128800    0.0          1          1   10000667       10281653050100                    0 -10281653050100        150     -2 * 5^3 * 21487 * 1914023
 10000687      1    187    187      0 124989    0.0          0          1   10000687       -9496623849100                    0 9496623849100        150      2 * 5^2 * 7 * 27133210997
 10000691      1    191    191      0 106594    0.0          1          1   10000691       16222781868200                    0 -16222781868200        270      -2 * 5 * 224291 * 7232917
 10000721      1    221    221      0  63476    0.0          1          0   10000721       16524228105600                    0 -16524228105600        450 -2 * 3 * 5^2 * 7 * 108041 * 145661
 10000723      1    223    223      0 129380    0.0          0          1   10000723       -9105359296300                    0 9105359296300        150 2 * 5^2 * 13 * 83 * 197 * 856721
 10000733      1    233    233      0 101516    0.0          1          0   10000733       21703274426200                    0 -21703274426200        250    -2 * 5^2 * 3137 * 138369617
 10000741      1    241    241      0  85622    0.0          0          0   10000741      -17888426119600                    0 17888426119600        450 2 * 5^2 * 17 * 71 * 269 * 1101901
 10000747      1    247    247      0 118681    0.0          0          1   10000747        -355213770900                    0 355213770900        150   2 * 3^2 * 5^3 * 257 * 614291
 10000759      1    259    259      0 125267    0.0          0          1   10000759        2596258435200                    0 -2596258435200        150  -2 * 3 * 5^2 * 4457 * 3883417
 10000763      1    263    263      0 131665    0.0          1          1   10000763       -2269350812500                    0 2269350812500        150   2 * 5^2 * 79 * 1987 * 289139
 10000769      1    269    269      0  75942    0.0          1          0   10000769           6630204000                    0 -6630204000        250     -2 * 5^3 * 23 * 433 * 2663
 10000789      1    289    289      0 101346    0.0          0          0   10000789       -4236471532000                    0 4236471532000        250 2 * 3 * 5^3 * 17 * 173 * 677 * 2837
 10000799      1    299    299      0 128649    0.0          1          1   10000799        4786287566100                    0 -4786287566100        150      -2 * 3 * 5^4 * 1276343351
 10000813      1    313    313      0 101082    0.0          0          0   10000813      -16362101236800                    0 16362101236800        250     2 * 5^2 * 2713 * 120619987
 10000819      1    319    319      0 119790    0.0          0          1   10000819       -1200288609600                    0 1200288609600        150 2 * 3^2 * 5^2 * 7 * 61 * 6246623
 10000831      1    331    331      0 107776    0.0          0          1   10000831      -13555254251200                    0 13555254251200        270       2 * 5 * 7 * 193646489299
 10000849      1    349    349      0  68708    0.0          0          0   10000849       12322606486800                    0 -12322606486800        250     -2 * 5^2 * 2789 * 88365769
 10000867      1    367    367      0 129167    0.0          0          1   10000867        1841504965500                    0 -1841504965500        150 -2 * 3^2 * 5^2 * 7 * 1693 * 345307
 10000871      1    371    371      0 104978    0.0          1          1   10000871       14696928319900                    0 -14696928319900        270      -2 * 5 * 29 * 50679063173
 10000873      1    373    373      0  93094    0.0          0          0   10000873      -49118230782400                    0 49118230782400        250     2 * 3 * 5^2 * 327454871881
 10000877      1    377    377      0  98316    0.0          1          0   10000877       15763425749800                    0 -15763425749800        250 -2 * 5^2 * 11 * 449 * 63832459
 10000891      1    391    391      0 109116    0.0          0          1   10000891       -7340397483700                    0 7340397483700        270 2 * 5 * 11 * 179 * 8803 * 42349
 10000931      1    431    431      0 108237    0.0          1          1   10000931        9094624812800                    0 -9094624812800        270   -2 * 5 * 31 * 60343 * 486179
 10000943      1    443    443      0 122077    0.0          1          1   10000943        2269930468700                    0 -2269930468700        150     -2 * 5^2 * 11 * 4127146307
 10000961      1    461    461      0  61094    0.0          1          0   10000961        3005887608800                    0 -3005887608800        450      -2 * 5^3 * 8353 * 1439429
 10000967      1    467    467      0 130118    0.0          1          1   10000967      -11671556893200                    0 11671556893200        150 2 * 3 * 5^2 * 23 * 2267 * 1492307
 10000987      1    487    487      0 128627    0.0          0          1   10000987        1831520148100                    0 -1831520148100        150      -2 * 5^3 * 13 * 563544661
 10000993      1    493    493      0  78318    0.0          0          0   10000993        5583019844000                    0 -5583019844000        250 -2 * 3^3 * 5^3 * 2903 * 284917


       p      n    q≡N    p≡N  max_r     NC    NSS      j0_SS   j1728_SS          q             Computed              Tr(T_q)        eis   cusp_est                          Error
---------------------------------------------------------------------------------------------------------------------------------------------------------------------------------
 10000019      1     19     19      0 128002    0.0          1          1   10000019        -523735476800                    0 523735476800        150       2 * 5^2 * 3259 * 3214087
 10000079      1     79     79      0 126187    0.0          1          1   10000079       12390292836800                    0 -12390292836800        150 -2 * 5^2 * 7 * 47 * 151 * 4988141
 10000103      1    103    103      0 126178    0.0          1          1   10000103        5269597104200                    0 -5269597104200        150  -2 * 5^2 * 67 * 5393 * 291677
 10000121      1    121    121      0  72480    0.0          1          0   10000121      -35647438570400                    0 35647438570400        450     2 * 5^2 * 174901 * 4076299
 10000139      1    139    139      0 129136    0.0          1          1   10000139        2526408581100                    0 -2526408581100        150    -2 * 3 * 5^5 * 7577 * 17783
 10000141      1    141    141      0  83164    0.0          0          0   10000141      -14650713629200                    0 14650713629200        450 2 * 5^4 * 41 * 47 * 79 * 76991
 10000169      1    169    169      0  80436    0.0          1          0   10000169      -19569185310800                    0 19569185310800        250      2 * 5^2 * 433 * 903888467
 10000189      1    189    189      0  94896    0.0          0          0   10000189         951858805600                    0 -951858805600        250      -2 * 5^2 * 5171 * 3681527
 10000223      1    223    223      0 127735    0.0          1          1   10000223        8969992885800                    0 -8969992885800        150 -2 * 3 * 5^2 * 17 * 251 * 14014519
 10000229      1    229    229      0 103016    0.0          1          0   10000229        6863026496600                    0 -6863026496600        250 -2 * 3^3 * 5^2 * 107 * 179 * 265427
 10000247      1    247    247      0 131940    0.0          1          1   10000247        2892255716800                    0 -2892255716800        150         -2 * 5^2 * 57845114339
 10000253      1    253    253      0  95878    0.0          1          0   10000253        5789507813600                    0 -5789507813600        250 -2 * 3 * 5^2 * 151 * 255607409
 10000261      1    261    261      0  82474    0.0          0          0   10000261      -10194640479200                    0 10194640479200        450 2 * 5^4 * 7 * 13 * 37 * 61 * 39709
 10000271      1    271    271      0 105078    0.0          1          1   10000271       13219515913100                    0 -13219515913100        270 -2 * 5 * 13 * 97 * 113 * 9277309
 10000303      1    303    303      0 125532    0.0          0          1   10000303       11739810770000                    0 -11739810770000        150     -2 * 5^2 * 293 * 801352271
 10000339      1    339    339      0 123948    0.0          0          1   10000339        -858301235000                    0 858301235000        150          2 * 5^2 * 17166024697
 10000349      1    349    349      0  96920    0.0          1          0   10000349       11969865167200                    0 -11969865167200        250 -2 * 5^2 * 19 * 89 * 141571439
 10000357      1    357    357      0  99794    0.0          0          0   10000357        6741730239400                    0 -6741730239400        250 -2 * 5^2 * 7 * 19 * 211 * 4804711
 10000363      1    363    363      0 125474    0.0          0          1   10000363      -14764406643600                    0 14764406643600        150 2 * 3^2 * 5^2 * 269 * 2969 * 41081
 10000379      1    379    379      0 125036    0.0          1          1   10000379      -10159984916000                    0 10159984916000        150  2 * 5^2 * 7 * 11 * 2638957121
 10000439      1    439    439      0 128603    0.0          1          1   10000439      -10206878013600                    0 10206878013600        150 2 * 3^2 * 5^2 * 337 * 67305493
 10000451      1    451    451      0 102628    0.0          1          1   10000451       14659285367500                    0 -14659285367500        390         -2 * 5 * 1465928536789
 10000453      1    453    453      0 108408    0.0          0          0   10000453       -6040389726000                    0 6040389726000        250      2 * 5^3 * 23 * 1050502561
 10000457      1    457    457      0  77744    0.0          1          0   10000457      -15058779876400                    0 15058779876400        250 2 * 3 * 5^2 * 17 * 233 * 25345081
 10000481      1    481    481      0  62966    0.0          1          0   10000481       -7740218735200                    0 7740218735200        450          2 * 5^3 * 30960874939
 10000511      1     11     11      0 105502    0.0          1          1   10000511       11668779621000                    0 -11668779621000        270     -2 * 3^4 * 5 * 14405900767
 10000537      1     37     37      0  76836    0.0          0          0   10000537      -14116590477600                    0 14116590477600        250      2 * 5^2 * 89 * 3172267523
 10000583      1     83     83      0 121339    0.0          1          1   10000583        3345904838900                    0 -3345904838900        150     -2 * 5^2 * 3919 * 17075299
 10000591      1     91     91      0 105311    0.0          0          1   10000591       14035839905700                    0 -14035839905700        270    -2 * 3^2 * 5 * 155953776733
 10000609      1    109    109      0  74764    0.0          0          0   10000609        3729897904800                    0 -3729897904800        250     -2 * 5^2 * 73 * 1021889837
 10000643      1    143    143      0 121979    0.0          1          1   10000643       -2518143424600                    0 2518143424600        150          2 * 5^2 * 50362868489
 10000651      1    151    151      0 105076    0.0          0          1   10000651      -17144302564500                    0 17144302564500        390 2 * 3 * 5 * 53 * 22291 * 483719
 10000657      1    157    157      0  68380    0.0          0          0   10000657        9829329228800                    0 -9829329228800        250 -2 * 3 * 5^2 * 89 * 131 * 5620453
 10000667      1    167    167      0 128800    0.0          1          1   10000667       10281653050100                    0 -10281653050100        150     -2 * 5^3 * 21487 * 1914023
 10000687      1    187    187      0 124989    0.0          0          1   10000687       -9496623849100                    0 9496623849100        150      2 * 5^2 * 7 * 27133210997
 10000691      1    191    191      0 106594    0.0          1          1   10000691       16222781868200                    0 -16222781868200        270      -2 * 5 * 224291 * 7232917
 10000721      1    221    221      0  63476    0.0          1          0   10000721       16524228105600                    0 -16524228105600        450 -2 * 3 * 5^2 * 7 * 108041 * 145661
 10000723      1    223    223      0 129380    0.0          0          1   10000723       -9105359296300                    0 9105359296300        150 2 * 5^2 * 13 * 83 * 197 * 856721
 10000733      1    233    233      0 101516    0.0          1          0   10000733       21703274426200                    0 -21703274426200        250    -2 * 5^2 * 3137 * 138369617
 10000741      1    241    241      0  85622    0.0          0          0   10000741      -17888426119600                    0 17888426119600        450 2 * 5^2 * 17 * 71 * 269 * 1101901
 10000747      1    247    247      0 118681    0.0          0          1   10000747        -355213770900                    0 355213770900        150   2 * 3^2 * 5^3 * 257 * 614291
 10000759      1    259    259      0 125267    0.0          0          1   10000759        2596258435200                    0 -2596258435200        150  -2 * 3 * 5^2 * 4457 * 3883417
 10000763      1    263    263      0 131665    0.0          1          1   10000763       -2269350812500                    0 2269350812500        150   2 * 5^2 * 79 * 1987 * 289139
 10000769      1    269    269      0  75942    0.0          1          0   10000769           6630204000                    0 -6630204000        250     -2 * 5^3 * 23 * 433 * 2663
 10000789      1    289    289      0 101346    0.0          0          0   10000789       -4236471532000                    0 4236471532000        250 2 * 3 * 5^3 * 17 * 173 * 677 * 2837
 10000799      1    299    299      0 128649    0.0          1          1   10000799        4786287566100                    0 -4786287566100        150      -2 * 3 * 5^4 * 1276343351
 10000813      1    313    313      0 101082    0.0          0          0   10000813      -16362101236800                    0 16362101236800        250     2 * 5^2 * 2713 * 120619987
 10000819      1    319    319      0 119790    0.0          0          1   10000819       -1200288609600                    0 1200288609600        150 2 * 3^2 * 5^2 * 7 * 61 * 6246623
 10000831      1    331    331      0 107776    0.0          0          1   10000831      -13555254251200                    0 13555254251200        270       2 * 5 * 7 * 193646489299
 10000849      1    349    349      0  68708    0.0          0          0   10000849       12322606486800                    0 -12322606486800        250     -2 * 5^2 * 2789 * 88365769
 10000867      1    367    367      0 129167    0.0          0          1   10000867        1841504965500                    0 -1841504965500        150 -2 * 3^2 * 5^2 * 7 * 1693 * 345307
 10000871      1    371    371      0 104978    0.0          1          1   10000871       14696928319900                    0 -14696928319900        270      -2 * 5 * 29 * 50679063173
 10000873      1    373    373      0  93094    0.0          0          0   10000873      -49118230782400                    0 49118230782400        250     2 * 3 * 5^2 * 327454871881
 10000877      1    377    377      0  98316    0.0          1          0   10000877       15763425749800                    0 -15763425749800        250 -2 * 5^2 * 11 * 449 * 63832459
 10000891      1    391    391      0 109116    0.0          0          1   10000891       -7340397483700                    0 7340397483700        270 2 * 5 * 11 * 179 * 8803 * 42349
 10000931      1    431    431      0 108237    0.0          1          1   10000931        9094624812800                    0 -9094624812800        270   -2 * 5 * 31 * 60343 * 486179
 10000943      1    443    443      0 122077    0.0          1          1   10000943        2269930468700                    0 -2269930468700        150     -2 * 5^2 * 11 * 4127146307
 10000961      1    461    461      0  61094    0.0          1          0   10000961        3005887608800                    0 -3005887608800        450      -2 * 5^3 * 8353 * 1439429
 10000967      1    467    467      0 130118    0.0          1          1   10000967      -11671556893200                    0 11671556893200        150 2 * 3 * 5^2 * 23 * 2267 * 1492307
 10000987      1    487    487      0 128627    0.0          0          1   10000987        1831520148100                    0 -1831520148100        150      -2 * 5^3 * 13 * 563544661
 10000993      1    493    493      0  78318    0.0          0          0   10000993        5583019844000                    0 -5583019844000        250 -2 * 3^3 * 5^3 * 2903 * 284917






      p      n    q≡N    p≡N  max_r     NC    NSS      j0_SS   j1728_SS          q             Computed              Tr(T_q)        eis   cusp_est                          Error
---------------------------------------------------------------------------------------------------------------------------------------------------------------------------------
      5      2     25      5      0      0    0.0          1          0         25                    0                    0          0        250                       -2 * 5^3
      7      2     49      7      0      0    0.0          0          1         49                    0                    0          0        250                       -2 * 5^3
     11      2    121     11      0      0    0.0          1          1        121                    0                    0          0        450                 -2 * 3^2 * 5^2
     13      2    169     13      0      0    0.0          0          0        169                    0                    0          0        250                       -2 * 5^3
     17      2    289     17      0      0    0.0          1          0        289                    0                    0          0        250                       -2 * 5^3
     19      2    361     19      0      0    0.0          0          1        361                    0                    0          0        450                 -2 * 3^2 * 5^2
     23      2     29     23      0     12    0.0          1          1        529               445200                    0    -445200        250            -2 * 5^2 * 59 * 151
     29      2    341     29      0      0    0.0          1          0        841                    0                    0          0        450                 -2 * 3^2 * 5^2
     31      2    461     31      0     24    0.0          0          1        961              1545600                    0   -1545600        450        -2 * 3 * 5^2 * 11 * 937
     37      2    369     37      0      0    0.0          0          0       1369                    0                    0          0        250                       -2 * 5^3
     41      2    181     41      0      0    0.0          1          0       1681                    0                    0          0        450                 -2 * 3^2 * 5^2
     43      2    349     43      0      0    0.0          0          1       1849                    0                    0          0        250                       -2 * 5^3
     47      2    209     47      0      0    0.0          1          1       2209                    0                    0          0        250                       -2 * 5^3
     53      2    309     53      0      0    0.0          1          0       2809                    0                    0          0        250                       -2 * 5^3
     59      2    481     59      0     32    0.0          1          1       3481            -10102400                    0   10102400        450            2 * 5^2 * 281 * 719
     61      2    221     61      0      0    0.0          0          0       3721                    0                    0          0        450                 -2 * 3^2 * 5^2
     67      2    489     67      0    180    0.0          0          1       4489            -79002000                    0   79002000        250            2 * 5^3 * 43 * 7349
     71      2     41     71      0     60    0.0          1          1       5041            -47188800                    0   47188800        450      2 * 3^2 * 5^2 * 11 * 9533
     73      2    329     73      0      0    0.0          0          0       5329                    0                    0          0        250                       -2 * 5^3
     79      2    241     79      0      0    0.0          0          1       6241                    0                    0          0        450                 -2 * 3^2 * 5^2
     83      2    389     83      0     72    0.0          1          1       6889             50025600                    0  -50025600        250       -2 * 5^2 * 7 * 37 * 3863
     89      2    421     89      0     62    0.0          1          0       7921            -27187600                    0   27187600        450        2 * 5^2 * 23 * 47 * 503
     97      2    409     97      0     56    0.0          0          0       9409             -7330400                    0    7330400        250               2 * 5^2 * 146603


           p      n    q≡N    p≡N  max_r     NC    NSS      j0_SS   j1728_SS          q             Computed              Tr(T_q)        eis   cusp_est                          Error
---------------------------------------------------------------------------------------------------------------------------------------------------------------------------------
      5      2     25      5      0      0    0.0          1          0         25                    0                    0          0        250                       -2 * 5^3
      7      2     49      7      0      0    0.0          0          1         49                    0                    0          0        250                       -2 * 5^3
     11      2    121     11      0      0    0.0          1          1        121                    0                    0          0        450                 -2 * 3^2 * 5^2
     13      2    169     13      0      0    0.0          0          0        169                    0                    0          0        250                       -2 * 5^3
     17      2    289     17      0      0    0.0          1          0        289                    0                    0          0        250                       -2 * 5^3
     19      2    361     19      0      0    0.0          0          1        361                    0                    0          0        450                 -2 * 3^2 * 5^2
     23      2     29     23      0     12    0.0          1          1        529               445200                    0    -445200        250            -2 * 5^2 * 59 * 151
     29      2    341     29      0      0    0.0          1          0        841                    0                    0          0        450                 -2 * 3^2 * 5^2
     31      2    461     31      0     24    0.0          0          1        961              1545600                    0   -1545600        450        -2 * 3 * 5^2 * 11 * 937
     37      2    369     37      0      0    0.0          0          0       1369                    0                    0          0        250                       -2 * 5^3
     41      2    181     41      0      0    0.0          1          0       1681                    0                    0          0        450                 -2 * 3^2 * 5^2
     43      2    349     43      0      0    0.0          0          1       1849                    0                    0          0        250                       -2 * 5^3
     47      2    209     47      0      0    0.0          1          1       2209                    0                    0          0        250                       -2 * 5^3
     53      2    309     53      0      0    0.0          1          0       2809                    0                    0          0        250                       -2 * 5^3
     59      2    481     59      0     32    0.0          1          1       3481            -10102400                    0   10102400        450            2 * 5^2 * 281 * 719
     61      2    221     61      0      0    0.0          0          0       3721                    0                    0          0        450                 -2 * 3^2 * 5^2
     67      2    489     67      0    180    0.0          0          1       4489            -79002000                    0   79002000        250            2 * 5^3 * 43 * 7349
     71      2     41     71      0     60    0.0          1          1       5041            -47188800                    0   47188800        450      2 * 3^2 * 5^2 * 11 * 9533
     73      2    329     73      0      0    0.0          0          0       5329                    0                    0          0        250                       -2 * 5^3
     79      2    241     79      0      0    0.0          0          1       6241                    0                    0          0        450                 -2 * 3^2 * 5^2
     83      2    389     83      0     72    0.0          1          1       6889             50025600                    0  -50025600        250       -2 * 5^2 * 7 * 37 * 3863
     89      2    421     89      0     62    0.0          1          0       7921            -27187600                    0   27187600        450        2 * 5^2 * 23 * 47 * 503
     97      2    409     97      0     56    0.0          0          0       9409             -7330400                    0    7330400        250               2 * 5^2 * 146603