RESULTS for n=2, N=15, k=4, phi_N=8:

      p      n    q≡N    p≡N  max_r    NSS  j0_SS j1728_SS          q       diff     q-diff   cusp_dim    cusp_est             diff-cusp
----------------------------------------------------------------------------------------------------------------------------------------
      5      2     10      5      1    0.0      1      0         25          8         17         32           8                    0
      7      2      4      7      1    0.0      0      1         49          8         41         32           8                    0
     11      2      1     11      1    0.0      1      1        121         16        105         32          16                    0
     13      2      4     13      1    0.0      0      0        169          8        161         32           8                    0
     17      2      4      2      1    0.0      1      0        289          8        281         32           8                    0
     19      2      1      4      1    0.0      0      1        361         16        345         32          16                    0
     23      2      4      8      1    0.0      1      1        529          8        521         32           8                    0
     29      2      1     -1      1    2.3      1      0        841 -656356752 -656355911         32          16      -1 * 2^5 * 29^5
     31      2      1      1      1    2.5      0      1        961 -916132816 -916131855         32          16      -1 * 2^5 * 31^5


     RESULTS for n=2, N=14, k=4, phi_N=6:

      p      n    q≡N    p≡N  max_r    NSS  j0_SS j1728_SS          q       diff     q-diff   cusp_dim    cusp_est             diff-cusp
----------------------------------------------------------------------------------------------------------------------------------------
      5      2     11      5      1    0.0      1      0         25          6         19         24           6                    0
      7      2      7      7      1    0.0      0      1         49          6         43         24           6                    0
     11      2      9     11      1    0.0      1      1        121          6        115         24           6                    0
     13      2      1     -1      1    1.0      0      0        169   -8911020   -8910851         24          12  -1 * 2^3 * 3 * 13^5
     17      2      9      3      1    0.0      1      0        289          6        283         24           6                    0
     19      2     11      5      1    0.0      0      1        361          6        355         24           6                    0
     23      2     11      9      1    0.0      1      1        529          6        523         24           6                    0
     29      2      1      1      1    2.3      1      0        841 -492267564 -492266723         24          12  -1 * 2^3 * 3 * 29^5
     31      2      9      3      1    0.0      0      1        961          6        955         24           6                    0

           p      n    q≡N    p≡N  max_r    NSS  j0_SS j1728_SS          q       diff     q-diff   cusp_dim    cusp_est             diff-cusp
----------------------------------------------------------------------------------------------------------------------------------------
      5      2     -1      5      0    0.0      1      0         25       9387      -9362         29          12              3 * 5^5
      7      2     10      7      1    0.0      0      1         49          6         43         29           6                    0
     11      2      4     11      1    0.0      1      1        121          6        115         29           6                    0
     13      2      0      0      1    0.0      0      0        169          6        163         29           6                    0
     17      2      3      4      1    2.0      1      0        289   -2839708   -2839419         29           6        -1 * 2 * 17^5
     19      2     10      6      1    0.0      0      1        361          6        355         29           6                    0
     23      2      9     10      1    2.0      1      1        529  -12872680  -12872151         29           6        -1 * 2 * 23^5
     29      2      9      3      1    2.0      1      0        841  -41022292  -41021451         29           6        -1 * 2 * 29^5
     31      2     -1      5      1    2.0      0      1        961   85887465  -85886504         29          12             3 * 31^5
     37      2      4     11      1    0.0      0      0       1369          6       1363         29           6                    0
     41      2      4      2      1    0.0      1      0       1681          6       1675         29           6                    0
     43      2      3      4      1    0.0      0      1       1849 -294016880 -294015031         29           6        -1 * 2 * 43^5
     47      2     -1      8      1    2.0      1      1       2209  688035033 -688032824         29          12             3 * 47^5







           p      n    q≡N    p≡N  max_r    NSS  j0_SS j1728_SS          q    sum_val   Tr(sage)        eis      q-eis   cusp_dim    cusp_est        adjusted_val_1       adjusted_val_2
-----------------------------------------------------------------------------------------------------------------------------------------------------------------------------------
      5      3      8      5      1    0.0      1      0        125       -444       -312        756       -631         15           6          2 * 3 * 5^3          2 * 3 * 5^3 
      7      3      5      7      1    0.0      0      1        343      47580     -31122     -16458     -16115         15           6   -1 * 2^4 * 3 * 7^3   -1 * 2^4 * 3 * 7^3 
     11      3      5     11      1    0.0      1      1       1331    -195936     227874     -31938     -30607         15           6  -1 * 2^3 * 3 * 11^3  -1 * 2^3 * 3 * 11^3 
     13      3      0      0      1    0.0      0      0       2197     257025    -257031          6       2191         15           6                    0                    0 
     17      3     -1      4      1    4.0      1      0       4913    1800834     203658   -2004492   -1999579         15          12  -1 * 2^3 * 3 * 17^4  -1 * 3^4 * 5 * 17^3 
     19      3      8      6      1    0.0      0      1       6859   -4206516    1243422    2963094   -2956235         15           6     2^4 * 3^3 * 19^3     2^4 * 3^3 * 19^3 